10:00  117438  14320  8.5  8.1  127  42 
11:00  114210  14503  8.1  7.8  132  38 
12:00  112031  14813  7.5  7.2.  131  40 
13:00  102910  15201  7.2  6.9  124  44 
14:00  109214  14913  7.7  7.3  122  40 
15:00  110034  14319  7.9  7.6  139  40 
16:00  131192  10412  7.6  7.3  129  42 
17:00  130012  11012  6.4  6.0  138  38  
18:00  129872  10993  7.5  7.1  132  40 
19:00  130021  5079  6.6  6.3  119  40 
20:00  130382  7393  8.8  8.6  119  35 
21:00  132519  7391  6.9  6.7  128  36 
22:00  127937  7664  8.2.  8.1  129  37