10:00  197410  6117  8.4  7.8  167  40 
11:00  198101  6213  8.2  7.6  168  42 
12:00  197131  6391  8.0  7.4  169  38 
13:00  191871  6610  7.7  7.1  170  38 
14:00  199130  6512  7.8  7.2  160  40 
15:00  201201  6001  7.7  7.1  162  42 
16:00  205310  5812  7.6  6.9  165  40 
17:00  182913  5943  6.5  5.9  172  38 
18:00  199210  5842  6.9  6.3  174  38 
19:00  199462  5364  7.9  7.4  150  30 
20:00  198246  0  7.6  7.2  151  30 
21:00  199856  0  8.5  8.0  153  30 
22:00  195984  0  7.3  6.9  153  30 
